1
920 1600 10240
130
14 1 90
16 2 83
16 2 77
14 2 47
7 1 81
24 4 81
12 2 41
25 5 53
20 4 80
23 5 49
16 4 42
16 4 80
12 3 99
8 2 91
19 5 80
18 6 71
6 2 84
12 4 79
22 8 99
14 6 82
12 6 67
8 4 42
20 11 86
14 8 45
14 8 56
10 6 89
22 14 87
20 13 76
20 13 63
24 16 76
24 17 69
14 10 66
14 10 82
24 18 50
16 12 55
22 17 43
6 6 62
14 14 50
2 2 98
12 12 63
2 2 67
15 15 89
15 17 80
24 28 100
20 24 53
23 28 55
25 32 90
12 16 66
16 22 75
17 24 81
7 10 95
15 22 48
20 30 71
13 21 69
17 28 96
18 30 91
20 34 61
14 24 51
10 18 56
12 22 72
4 8 54
4 8 97
4 8 66
8 16 93
10 20 53
14 28 54
5 10 43
5 10 89
16 33 89
16 34 57
14 32 75
11 27 92
12 33 98
8 22 82
10 28 87
10 28 58
8 24 62
8 24 85
10 30 80
8 24 80
10 30 47
2 6 82
4 12 95
1 3 89
3 9 47
2 6 86
10 30 100
10 30 94
8 26 90
3 10 44
6 20 63
8 30 55
4 16 66
6 24 59
6 24 66
2 8 98
6 24 49
6 24 55
8 32 90
4 16 53
6 24 93
3 12 89
6 26 44
5 23 58
6 30 62
6 30 97
5 25 81
6 30 98
1 5 43
6 30 93
4 22 44
4 24 56
2 12 88
4 24 55
4 26 51
2 13 84
3 21 99
5 35 61
2 14 43
3 24 66
4 32 63
4 32 43
3 31 73
2 31 76
2 33 96
2 34 81
2 34 49
1 21 68
1 28 78
1 32 69
